   3.2768334699019279        10.829347821603127        3.6514231232943177     
   8.4384263569879039        5.9666444279573412        6.9600517053317326     
   6.8191203282784514        8.2496468626419315        6.1843945788559216     
   6.2499471825740907        11.460209253090284        2.1796569404036283     
   4.5096185547886289        12.383410594209730        4.5093517261765950     
   1.7529338822325875        2.9864007951530107        7.1332996245393847     
   7.0478723273764761        12.656778059290930        6.3900979696994078     
   7.4271780300185402        2.6199523966618838        4.2936737574570998     
   6.2551268207719009        9.9776809002490623        5.6292635541589267     
   2.9632967859106678        8.5663879139644159        6.5937416758765028     
   4.4901911000943526        3.1043568226582074        5.6241234384120258     
   3.1230714707839908        12.656344926053627        2.9720621057898713     
   1.7800823566518291        10.263097997745422        7.3380181663367754     
   3.3618305290149921        5.4585504545583241        4.3785137959485638     
   1.7377160435635768        10.101914435166780        5.3391693198372385     
   6.2729665248914142        7.4353767334913936        3.0791550595948021     
   3.0273960498212826        14.967523084120671        4.1777768890145808     
   7.2386093678130674        3.2006230444558286        5.8603127292659236     
   7.1690951820259059        3.9018343793324450        2.7671926557943207     
   7.3855475515050681        7.5329008507219246        8.0431260293611153     
   3.4865041488027289        6.7541215657076128        8.4458755317382774     
   4.2202731719688051        7.8924897446382793        2.4619327849559749     
   8.4224321762601768        4.1581265174091095        6.8969469719596725     
   3.9679133164488638        13.561997018240255        4.6391420933024454     
   7.7952755574476740        7.5554098345407921        4.6451837381172876     
   2.3204474525070280        14.275048810707521        3.4184116296859068     
   2.9999309982378852        4.7367057093463636        8.0394074594186886     
   7.6189599195653628        6.9898648508293633        5.8978020847981627     
   6.2416120380803726        14.769563233858936        4.4747470080120424     
   3.0915633625665313        14.075556507812296        6.7497507823772569     
   6.2294042199571873        15.492607465850707        2.3293425417818296     
   2.0170061376376953        13.830773415806650        4.5643022779925548     
   3.8320572156831259        3.3074367869803920        3.7550123698608662     
   2.6973347364856464        15.957429638295380        2.9205870218145029     
   7.1956336861390158        14.995150832927541        6.5965294799854863     
   3.9117375997063384        15.582092968082886        3.3359290736709513     
   7.1948007215014904        10.585169953292176        8.2736020221868092     
   8.0975810170181948        7.8369968658413542        3.2743880797410325     
   6.9719809310195524        10.339427841133144        4.6328535335166325     
   8.3135744799425346        8.7609974450499752        6.2110321692699220     
   4.1899123291067140        17.447105271570742        7.2652890090896491     
   3.6013768466525486        5.5554266406997339        6.6210238130876160     
   4.4762264330646264        4.1017582581726044        8.1682680129368457     
   4.8280698384208183        13.617067214190820        6.2665160949768657     
   5.7208586966060100        17.138497456050764        2.8308699193010285     
   4.8470856614321018        6.2620496581023737        6.5592193860490395     
   4.9886931135153096        14.330736968128551        4.0929680126089041     
   2.3146851882792223        10.679599811644477        1.7591088610379484     
   4.0984712371196137        7.4560784065283201        5.0764151314205082     
   1.9594186930716182        3.2550152285966472        3.1906431324215672     
   4.3722202896608762        12.761957237214514        7.4628535604628414     
   4.3516333065863542        14.691175514379077        6.5754536933283658     
   7.1203894816640778        16.968280456289772        6.9643254245841542     
   5.7452939764667557        17.352239729177448        7.7284587674221639     
   4.5212197268548948        9.5977803546844189        5.3529346910460163     
   7.7992513946737807        13.914337321618159        5.0223088503206794     
   8.3919915252877537        13.530510867280103        3.1540020995701958     
   5.9079307270839871        13.881093611726449        3.1158251662148659     
   1.8880313110493752        6.9639180120702528        3.6225046450049696     
   2.2084765908873578        7.9496387546108256        5.3993251272124789     
   6.6510355503216374        6.6193287104729572        3.8915547912466466     
   1.8489766224988036        14.479664609601180        6.3475722528194058     
   2.9482134047067281        2.9847012862168958        6.0730131325452481     
   8.3541285037868036        15.960155202678402        2.8805170624445702     
   3.7855280634717716        10.597645562101162        2.1049814186302909     
   1.6777942357272684        10.556220751034415        4.0766746769016757     
   4.6672948739086291        4.7827973191059368        6.7477304467200554     
   2.9167298907556836        12.768071836563925        5.1470267422755356     
   4.0323022870274716        14.975694794607252        4.9356695330421436     
   6.0717308710626403        5.0765381183099283        3.2395343882968901     
   6.2353616089956567        16.860897085362271        5.7117042695898634     
   1.7106910998913452        8.5214118279157329        3.1368245499945795     
   6.7451772654594295        9.1829320065814883        7.6327806997953562     
   8.3193588737799704        8.5863662479177165        2.2915745873749822     
   1.6579183286091204        17.402841898968582        6.7092566318777909     
   6.9780862465315519        3.7364423053984992        4.7976342546449846     
   2.3392791335765626        5.0809769471751594        6.1396678017237152     
   4.0257061789808883        12.379315872203536        5.6823956586028732     
   7.2540997832833281        9.0450540356565998        4.3447897827940034     
   5.6486788491154076        3.3447616481187663        1.6560373811915103     
